# A manual extraction of from HomeStationMarker saved_vars
# X Y Z Orientation
# 1-bs 2-cl 6-ww 7-jw

Hunding's Rage
53536	19842	90771	 4.8
53781	19842	90927	1.49
53995	19843	90927	1.49
53350	19852	90922	0.826

Mechanical Acuity
54329	19539	98203	3.23
54173	19539	98443	 6.2
54173	19539	98651	 6.2
54178	19549	98022	5.54

Alessia's Bulwark
53771	19544	99593	0.0923
53927	19544	99354	3.06
53927	19544	99147	3.06
53923	19554	99773	 2.4

Death's Wind
53421	19844	91729	1.66
53135	19844	91573	4.63
52870	19859	91573	4.63
53660	19851	91577	3.97

Redistributor
60594	19842	90871	 4.8
60390	19842	91027	1.49
60110	19843	91027	1.49
60850	19852	91022	0.826

Morkuldin
56011	19502	99200	 4.8
55855	19510	99365	1.49
55602	19529	99373	1.49
56247	19501	99341	0.767

Adept Rider
55007	19550	99836	1.66
54746	19550	99680	4.63
54512	19550	99680	4.63
55215	19560	99685	3.97

Armor Master
53780	19534	98326	0.126
53927	19544	98489	3.06
53927	19544	98737	3.06
53923	19554	98088	 2.4

Twice-Born Star
60912	19846	91734	 1.7
61071	19865	91573	4.63
61320	19871	91573	4.63
60670	19851	91577	3.97

